"species","x","y","bio1","bio2","bio4","bio6","bio12","bio15","sand","ph","bd","dep","soc","cec","clay"
"species",1,1,157,89,2851,75,701,53,66,66,66,66,66,66,66
"species",2,2,154,91,2736,70,696,48,70,70,70,70,70,70,70
"species",3,3,164,102,2841,75,1182,58,68,68,68,68,68,68,68
"species",4,4,153,77,2426,86,860,56,59,59,59,59,59,59,59
"species",5,5,157,87,2643,76,557,37,65,65,65,65,65,65,65
"species",6,6,161,89,2859,78,645,53,68,68,68,68,68,68,68
"species",7,7,152,88,2916,70,787,53,65,65,65,65,65,65,65
"species",8,8,155,94,2921,68,743,52,67,67,67,67,67,67,67
"species",9,9,161,87,2697,79,619,50,69,69,69,69,69,69,69
"species",10,10,164,72,2270,94,517,40,69,69,69,69,69,69,69
"species",11,11,170,68,2546,101,517,40,74,74,74,74,74,74,74
"species",12,12,153,86,2612,73,689,47,64,64,64,64,64,64,64
"species",13,13,167,72,2533,95,506,38,66,66,66,66,66,66,66
"species",14,14,166,73,2552,94,505,38,68,68,68,68,68,68,68
"species",15,15,159,93,2993,71,542,30,68,68,68,68,68,68,68
"species",16,16,160,87,2866,78,668,54,66,66,66,66,66,66,66
"species",17,17,163,102,3109,68,641,50,67,67,67,67,67,67,67
"species",18,18,162,71,2099,94,540,43,68,68,68,68,68,68,68
"species",19,19,167,116,3395,67,661,61,66,66,66,66,66,66,66
"species",20,20,156,94,2922,69,553,32,68,68,68,68,68,68,68
"species",21,21,158,88,2635,75,559,38,68,68,68,68,68,68,68
"species",22,22,163,83,2516,85,580,48,63,63,63,63,63,63,63
"species",23,23,157,85,2645,77,552,36,69,69,69,69,69,69,69
"species",24,24,163,76,2324,90,524,41,72,72,72,72,72,72,72
"species",25,25,151,96,2993,62,795,51,67,67,67,67,67,67,67
"species",26,26,165,69,2338,97,511,40,71,71,71,71,71,71,71
"species",27,27,176,134,3367,50,445,21,63,63,63,63,63,63,63
"species",28,28,162,84,2757,83,625,54,65,65,65,65,65,65,65
"species",29,29,136,97,2864,57,945,55,64,64,64,64,64,64,64
"species",30,30,170,101,2918,80,794,62,60,60,60,60,60,60,60
"species",31,31,165,75,2495,92,508,38,73,73,73,73,73,73,73
"species",32,32,163,90,2773,78,513,35,69,69,69,69,69,69,69
"species",33,33,147,83,2871,73,872,54,64,64,64,64,64,64,64
"species",34,34,132,96,2813,55,947,54,63,63,63,63,63,63,63
"species",35,35,162,87,2600,79,583,46,67,67,67,67,67,67,67
"species",36,36,162,87,2727,80,614,50,72,72,72,72,72,72,72
"species",37,37,161,89,2808,77,649,52,65,65,65,65,65,65,65
"species",38,38,163,87,2795,81,621,53,63,63,63,63,63,63,63
"species",39,39,162,84,2750,83,621,55,65,65,65,65,65,65,65
