"species","x","y","bio1","bio2","bio4","bio6","bio12","bio15","sand","ph","bd","dep","soc","cec","clay"
"species",1,1,160,95,2712,78,1080,56,63,63,63,63,63,63,63
"species",2,2,164,102,2841,75,1182,58,68,68,68,68,68,68,68
"species",3,3,119,83,2762,48,1031,55,60,60,60,60,60,60,60
"species",4,4,119,83,2752,48,1031,55,60,60,60,60,60,60,60
"species",5,5,170,124,3610,65,501,63,72,72,72,72,72,72,72
"species",6,6,170,102,3127,78,667,64,61,61,61,61,61,61,61
"species",7,7,166,120,3535,66,952,60,62,62,62,62,62,62,62
"species",8,8,142,89,2768,66,1033,56,57,57,57,57,57,57,57
"species",9,9,164,117,3404,65,786,61,66,66,66,66,66,66,66
"species",10,10,158,125,3854,52,800,64,66,66,66,66,66,66,66
"species",11,11,166,102,2965,76,1054,61,66,66,66,66,66,66,66
"species",12,12,164,117,3439,65,794,61,67,67,67,67,67,67,67
"species",13,13,167,100,3021,77,868,62,66,66,66,66,66,66,66
